center_x = -32.485181
center_y = 26.075132 
center_z = 21.057910
size_x = 40.0
size_y = 50.0
size_z = 60.0
